0.060314 
0.001512 
0.095761 
0.038379 
-0.041453 
-0.038515 
-0.059008 
-0.142243 
-0.045272 
0.057602 
-0.058225 
-0.109810 
-0.098286 
-0.165446 
-0.056005 
0.042374 
-0.018323 
-0.015368 
0.085581 
0.089272 
0.035000 
0.053051 
-0.034450 
-0.045948 
0.017443 
0.059996 
0.003875 
0.063662 
0.075130 
-0.038902 
-0.036531 
-0.140675 
-0.057569 
0.033098 
0.078428 
0.050196 
0.109610 
-0.055235 
-0.079352 
-0.072091 
-0.134468 
-0.060259 
0.148673 
0.017968 
0.052582 
0.035113 
-0.049881 
-0.020662 
-0.018553 
-0.078047 
0.057023 
0.117532 
0.088639 
0.009603 
0.011625 
0.018444 
-0.036846 
-0.041506 
-0.069537 
-0.032594 
0.097497 
0.063718 
0.005501 
-0.043878 
-0.006735 
-0.000123 
0.023107 
-0.059722 
0.012081 
0.120551 
0.051500 
-0.030537 
0.052190 
-0.022060 
0.001108 
0.082846 
-0.110619 
-0.020867 
0.119109 
0.030001 
0.018435 
0.002215 
-0.018537 
-0.008306 
0.182744 
-0.058025 
-0.008598 
0.048002 
-0.041013 
-0.025845 
0.005726 
-0.009991 
0.001368 
0.083470 
-0.049889 
0.022113 
0.099456 
0.030208 
-0.024064 
-0.005282 
-0.054612 
-0.006708 
0.099876 
-0.061179 
-0.050269 
0.005774 
-0.021451 
-0.009747 
-0.055659 
-0.082062 
-0.048978 
0.118549 
0.042617 
-0.014189 
-0.086914 
-0.038395 
-0.050210 
-0.017950 
-0.069120 
-0.008933 
0.139708 
0.005881 
0.004481 
-0.112246 
-0.072201 
-0.024076 
-0.066776 
-0.070376 
-0.005035 
0.105246 
0.020033 
-0.056665 
-0.052226 
-0.056126 
-0.017590 
0.044316 
0.056594 
0.124472 
0.173319 
0.128561 
0.103761 
-0.029879 
0.006486 
0.050972 
-0.035324 
-0.073976 
-0.058968 
0.077240 
-0.071617 
-0.009974 
-0.080257 
-0.079767 
-0.077919 
0.014139 
0.025690 
-0.021784 
-0.008247 
-0.092804 
0.049732 
-0.101547 
-0.070730 
-0.001232 
0.046196 
0.077236 
0.099957 
0.059598 
0.107793 
0.068366 
-0.002678 
0.041860 
0.023904 
0.082087 
0.148781 
0.090926 
0.062092 
0.073767 
0.154611 
0.086639 
0.068347 
0.053836 
0.070983 
0.049898 
-0.024669 
-0.031183 
-0.101951 
0.029682 
-0.068774 
-0.004718 
0.067271 
-0.031720 
-0.061087 
-0.093645 
-0.055898 
-0.199213 
-0.029835 
-0.059998 
-0.057378 
0.003614 
0.157130 
0.172182 
0.073783 
0.047324 
0.042965 
0.178945 
0.105893 
0.136122 
0.187908 
0.021475 
-0.025760 
-0.116468 
-0.036381 
-0.048969 
0.145440 
0.113316 
0.041863 
0.040371 
0.016418 
-0.018923 
-0.027620 
-0.024064 
-0.163766 
0.073017 
0.033345 
0.010301 
0.016645 
0.031384 
-0.035335 
-0.095800 
-0.068846 
-0.249256 
-0.043290 
-0.102903 
-0.073293 
-0.032388 
0.114202 
0.000371 
0.021657 
0.111512 
0.077842 
0.219436 
0.173754 
0.152630 
0.129145 
0.046321 
0.027375 
-0.001257 
0.072500 
0.050365 
0.141006 
0.008927 
0.064342 
0.054375 
0.034801 
0.016604 
-0.022844 
-0.025572 
-0.104787 
-0.059347 
0.017076 
0.050092 
-0.049065 
0.007496 
0.010395 
-0.054054 
-0.065953 
-0.037135 
-0.094308 
0.087724 
0.081941 
-0.029379 
-0.022786 
0.040456 
0.033466 
0.041435 
-0.003855 
-0.064406 
-0.034227 
-0.014576 
-0.045429 
0.082259 
0.027954 
0.069061 
0.103924 
0.058844 
-0.028600 
0.096437 
0.006793 
0.046401 
0.005866 
-0.041022 
-0.035915 
-0.054518 
0.015812 
0.008114 
0.089529 
0.062579 
-0.014392 
-0.062049 
-0.072183 
-0.017006 
-0.022480 
-0.084967 
0.000144 
0.035399 
0.020224 
-0.088292 
0.046377 
-0.012593 
0.064874 
0.063330 
0.127573 
0.052116 
0.072744 
0.043147 
0.028510 
0.021742 
-0.066204 
0.040041 
0.035163 
0.137012 
0.059005 
0.092912 
0.050625 
-0.015037 
-0.038962 
-0.022025 
-0.003951 
0.056787 
-0.063677 
0.026959 
0.068485 
-0.004166 
-0.038847 
-0.000541 
-0.028258 
0.019206 
0.060673 
-0.063180 
-0.064420 
-0.020478 
-0.040016 
0.014265 
0.071552 
-0.045603 
-0.031361 
0.031370 
0.023628 
0.008983 
0.094260 
0.057502 
0.034445 
0.140843 
0.029538 
0.025066 
0.041338 
0.033298 
-0.016645 
0.071140 
0.051971 
0.079288 
-0.009695 
-0.050299 
-0.023657 
0.027420 
-0.033415 
-0.087058 
-0.064190 
-0.091684 
0.013342 
0.013661 
0.031741 
0.097564 
0.070360 
0.052890 
-0.004473 
-0.070156 
-0.019342 
0.074459 
0.044834 
-0.061488 
-0.016345 
0.016655 
0.053256 
0.012318 
-0.001934 
-0.032492 
0.061276 
0.086068 
0.039985 
0.129577 
0.077928 
0.095856 
0.063814 
0.013713 
0.038472 
0.151354 
-0.015761 
0.005132 
0.045078 
-0.049098 
0.042462 
-0.023224 
-0.027367 
-0.009452 
0.024604 
0.023018 
0.090576 
0.026030 
0.006567 
0.050345 
0.063845 
0.046130 
-0.000411 
0.053131 
0.023583 
0.038185 
0.086329 
-0.030674 
0.073379 
0.005263 
-0.018853 
-0.031488 
0.084366 
0.033461 
0.071184 
0.022585 
0.027452 
0.051324 
0.113001 
0.040396 
-0.003873 
0.049604 
0.030052 
0.058881 
-0.049620 
-0.011806 
-0.029619 
0.108266 
-0.001867 
-0.017222 
0.041554 
-0.047185 
-0.047424 
-0.108543 
-0.069818 
-0.056574 
0.069168 
-0.045370 
-0.052559 
-0.005867 
0.072909 
0.083953 
0.011996 
0.059697 
0.012351 
0.137569 
0.002565 
-0.004029 
0.049271 
0.026717 
0.053754 
-0.060513 
0.036640 
0.024666 
0.101568 
-0.058306 
0.000012 
-0.002388 
-0.004847 
-0.070148 
-0.068389 
0.059812 
-0.019096 
0.150638 
0.009538 
0.034435 
-0.004208 
-0.003486 
-0.064144 
-0.112697 
0.005036 
-0.058531 
0.041706 
-0.122021 
-0.077752 
-0.082226 
0.075009 
0.054385 
0.004393 
0.161927 
0.020735 
0.126683 
-0.001545 
0.035136 
0.073938 
0.064175 
0.001826 
-0.121942 
0.045519 
-0.058765 
0.060742 
-0.083128 
-0.015232 
-0.027488 
-0.056095 
0.000701 
-0.002764 
0.005313 
0.027367 
-0.050997 
-0.071026 
-0.040081 
-0.071178 
0.051112 
0.031620 
0.023509 
0.048487 
0.111182 
0.000438 
-0.002089 
-0.046448 
-0.047068 
-0.045469 
0.030560 
0.010284 
0.033919 
0.090900 
0.069581 
0.007945 
-0.029694 
-0.079700 
0.021408 
0.026217 
0.027030 
0.061966 
0.172549 
0.123296 
0.015332 
-0.038734 
0.011255 
0.020684 
0.034735 
0.019771 
0.096844 
0.100944 
0.050465 
0.031426 
-0.027640 
-0.019962 
-0.002012 
-0.065926 
-0.032767 
0.004475 
0.029335 
-0.021794 
0.059741 
0.000000 
-0.013288 
0.129206 
0.018516 
0.016342 
0.069669 
0.173073 
0.054431 
0.007001 
-0.029529 
0.085141 
0.054106 
0.005749 
-0.022400 
-0.027762 
0.052555 
-0.050551 
-0.080324 
-0.064372 
0.038378 
0.152332 
-0.084277 
-0.060583 
-0.039763 
0.092255 
0.008986 
0.086558 
0.058242 
0.103296 
0.150168 
-0.034749 
-0.021759 
-0.044934 
0.071693 
-0.014007 
0.045155 
0.013802 
0.041421 
0.093626 
-0.050936 
-0.080470 
-0.018087 
0.091458 
0.004910 
-0.031219 
0.013420 
0.053118 
0.057379 
0.010600 
-0.048798 
-0.013464 
0.101021 
-0.053867 
-0.059740 
-0.055263 
0.003606 
0.099647 
-0.039291 
0.005756 
0.011055 
0.105739 
0.003476 
0.002306 
-0.005631 
0.079103 
0.065772 
0.012850 
0.065643 
0.037432 
0.092698 
0.033971 
-0.016387 
0.014235 
0.058685 
0.069913 
0.018674 
-0.010453 
-0.006868 
0.101394 
-0.063337 
-0.005880 
-0.004274 
0.064450 
0.053846 
0.017402 
0.005256 
-0.013934 
0.036656 
-0.075176 
-0.105785 
-0.030961 
0.037160 
0.057136 
-0.023655 
0.027935 
-0.018741 
0.012816 
-0.016916 
-0.064291 
-0.045245 
0.021213 
0.092379 
0.087617 
0.063304 
0.028283 
0.028814 
0.058521 
0.004964 
-0.018566 
0.051155 
0.039425 
-0.025871 
-0.029278 
-0.023890 
-0.052601 
-0.012969 
-0.143399 
-0.073043 
-0.031699 
0.061164 
0.036554 
0.018774 
0.084383 
0.067059 
0.110247 
0.067229 
0.070875 
0.059269 
0.070239 
0.033134 
-0.028573 
0.035492 
-0.033097 
0.094146 
-0.052911 
-0.034893 
0.008811 
0.051461 
-0.006110 
-0.104437 
0.014998 
-0.027410 
0.092895 
-0.090587 
-0.010222 
0.002746 
0.038078 
0.024554 
-0.011544 
0.130940 
-0.009447 
0.134436 
0.027403 
-0.014599 
0.025277 
-0.008807 
-0.010668 
-0.078225 
0.064718 
-0.040056 
0.114520 
-0.076709 
-0.093656 
-0.089924 
0.082146 
0.065181 
-0.038083 
0.054041 
-0.051712 
0.069835 
-0.036826 
-0.008304 
-0.005792 
0.029864 
0.010913 
-0.142572 
0.035347 
-0.101207 
-0.015455 
-0.188141 
-0.132842 
-0.119148 
0.072181 
0.012273 
-0.044041 
0.126574 
-0.065373 
0.197225 
-0.009301 
-0.019394 
0.017695 
0.026566 
-0.062007 
-0.177727 
0.067503 
-0.127461 
0.082612 
-0.156453 
-0.062221 
0.007712 
-0.053037 
-0.029587 
0.050042 
0.043979 
0.041628 
0.066409 
-0.021999 
-0.040963 
-0.089415 
0.037082 
0.027029 
0.050409 
0.046327 
0.138340 
0.063404 
-0.007147 
-0.028476 
0.015894 
-0.058889 
-0.052249 
-0.001793 
0.064100 
0.036955 
0.023755 
-0.018222 
-0.047926 
-0.103382 
0.046272 
0.031454 
0.021441 
0.078162 
0.139147 
0.048988 
0.022317 
-0.028746 
-0.012781 
0.099281 
0.005786 
-0.043138 
-0.009227 
0.171850 
0.045817 
-0.010008 
0.003470 
0.106193 
0.018312 
-0.028536 
-0.054732 
-0.021119 
0.031191 
-0.046284 
-0.055811 
-0.066696 
0.003999 
0.138024 
0.035957 
-0.003528 
0.140525 
0.217023 
0.134609 
0.061302 
0.033814 
0.102917 
-0.031768 
-0.098344 
-0.087454 
0.013118 
0.174409 
0.031784 
-0.019419 
-0.069626 
-0.055664 
0.043997 
-0.016782 
-0.070242 
0.032736 
0.093155 
0.044527 
-0.038985 
-0.014118 
0.050430 
0.032533 
-0.020291 
-0.079360 
0.055692 
0.114942 
0.031698 
-0.064093 
-0.049741 
0.034362 
-0.007821 
-0.046556 
-0.069084 
0.060695 
0.084332 
0.042264 
-0.009356 
-0.032880 
-0.022040 
-0.052362 
-0.029497 
-0.035877 
0.101636 
0.104093 
0.059320 
-0.009291 
-0.077534 
-0.058227 
-0.026970 
-0.007578 
-0.059368 
-0.005830 
0.086891 
-0.022692 
-0.052486 
-0.051686 
-0.011504 
0.055478 
0.082940 
-0.021473 
-0.015805 
0.110375 
0.008834 
-0.016521 
-0.022441 
-0.002463 
-0.067562 
-0.039939 
0.007827 
0.047580 
0.133844 
-0.029095 
-0.066700 
-0.141020 
-0.062703 
0.064703 
-0.043769 
0.011209 
-0.002024 
0.062095 
0.001621 
0.011656 
0.005850 
0.015003 
-0.026816 
-0.019415 
-0.084964 
-0.095063 
-0.012637 
-0.015995 
-0.059963 
-0.052211 
-0.033713 
0.097940 
0.002140 
-0.035346 
0.011737 
0.053698 
0.113197 
0.090810 
0.107404 
0.088552 
-0.002330 
-0.059613 
-0.086274 
-0.118878 
-0.020326 
-0.043526 
-0.004836 
-0.013626 
0.005964 
0.047466 
0.026533 
-0.026205 
0.044841 
0.064035 
0.146483 
0.029797 
0.092555 
0.057765 
0.045492 
-0.044110 
-0.065070 
0.034059 
-0.049517 
0.049016 
0.011290 
0.044617 
0.023197 
0.009863 
-0.038342 
-0.056490 
0.066223 
0.011905 
0.007208 
-0.121641 
-0.046284 
-0.025990 
0.126439 
0.030304 
-0.026794 
0.041632 
-0.034790 
0.029154 
-0.045512 
0.065811 
0.102344 
0.083695 
0.015667 
-0.072754 
0.036017 
0.027479 
-0.023741 
-0.126463 
0.007398 
0.051682 
0.083089 
0.025906 
-0.104498 
0.090186 
0.017360 
0.142279 
-0.050263 
-0.014349 
0.003609 
0.026276 
-0.071118 
-0.190375 
0.035525 
-0.073486 
0.048318 
-0.107748 
-0.028487 
0.064112 
0.021311 
0.032968 
-0.079053 
0.105941 
-0.018624 
0.083956 
-0.067774 
-0.039888 
-0.009046 
0.039678 
-0.073748 
-0.185411 
0.074874 
-0.110262 
0.037601 
-0.100079 
-0.021996 
0.025393 
-0.004444 
-0.054167 
-0.064939 
0.049051 
0.058452 
0.044282 
0.038692 
-0.009360 
-0.048938 
0.160900 
0.090677 
0.056747 
0.069109 
0.160438 
0.037145 
0.069970 
0.015278 
0.074511 
-0.182128 
-0.118205 
-0.090169 
-0.020755 
0.017900 
-0.007040 
-0.049947 
-0.084214 
-0.197494 
0.001584 
0.058196 
0.029516 
0.046638 
0.072074 
-0.006594 
0.090600 
0.041826 
-0.006959 
0.176800 
0.095922 
0.063641 
0.108658 
0.149729 
0.110871 
0.102912 
0.049024 
0.078655 
0.038958 
-0.022043 
-0.042517 
0.014782 
0.140716 
0.000147 
0.030376 
-0.094215 
-0.049867 
0.032660 
0.076999 
0.002819 
0.057774 
0.038483 
0.041613 
0.143030 
0.076418 
0.045380 
-0.002032 
-0.055593 
-0.072929 
-0.007324 
0.061853 
-0.041284 
-0.007118 
-0.033203 
-0.015508 
0.002378 
-0.050946 
-0.047561 
0.034807 
0.040973 
-0.036924 
0.026944 
-0.051662 
-0.001638 
-0.035567 
-0.049379 
0.018307 
0.069130 
0.066995 
0.005395 
0.029703 
-0.048257 
-0.061173 
0.065152 
0.017437 
-0.048169 
0.043618 
0.041388 
-0.111773 
-0.062008 
0.021971 
0.054958 
0.095337 
-0.037469 
-0.017354 
-0.028863 
0.051200 
-0.044889 
-0.065335 
-0.007125 
0.098789 
-0.009950 
-0.020108 
0.023800 
-0.008276 
0.080845 
-0.050466 
-0.065806 
-0.114702 
-0.018907 
0.021046 
-0.004706 
0.027146 
0.038704 
0.069353 
-0.021732 
-0.011793 
-0.000327 
0.028656 
0.109641 
-0.040921 
-0.031085 
-0.101451 
0.048706 
-0.044820 
-0.082313 
-0.077916 
0.060183 
0.145815 
-0.042558 
0.016937 
0.019567 
0.110282 
0.103390 
0.046425 
0.015416 
0.121056 
-0.017768 
-0.061012 
-0.045843 
-0.093587 
-0.008248 
-0.064552 
-0.026387 
-0.000973 
-0.000208 
0.070988 
0.034587 
-0.013644 
0.029121 
-0.022743 
0.081032 
-0.018406 
0.068190 
0.076661 
0.076223 
-0.006678 
0.014588 
-0.018996 
0.001344 
-0.010161 
-0.009483 
-0.032228 
0.066935 
0.082722 
0.073121 
0.051651 
0.069325 
0.066670 
0.134511 
-0.038958 
0.081291 
0.125925 
0.126189 
0.083362 
-0.012204 
0.057093 
-0.023280 
0.092211 
-0.039653 
0.105459 
0.144779 
0.049660 
0.095161 
-0.017613 
0.055545 
0.046873 
0.010358 
-0.104917 
-0.000904 
0.044791 
0.053281 
0.026117 
-0.021545 
0.079396 
-0.049223 
0.081678 
-0.042053 
0.098204 
0.049698 
0.030586 
0.001942 
-0.066188 
0.085984 
0.030333 
-0.002099 
-0.104186 
-0.007994 
-0.087971 
0.061379 
0.102273 
0.057164 
0.172612 
-0.002763 
0.060217 
-0.033859 
-0.008470 
0.067917 
0.051505 
-0.041427 
-0.097763 
0.123800 
-0.036675 
0.017115 
-0.088637 
0.010251 
0.027154 
0.010054 
0.000992 
-0.003210 
0.138787 
0.023262 
0.016365 
-0.084853 
-0.054973 
-0.066443 
-0.054125 
-0.116985 
-0.125414 
0.147311 
-0.042981 
-0.078333 
-0.202716 
-0.113509 
-0.072674 
-0.076911 
-0.026956 
0.003476 
0.038702 
0.047066 
0.056178 
0.088026 
0.005343 
-0.093440 
0.008042 
0.093326 
0.062874 
0.039943 
0.136813 
0.059707 
0.142180 
0.082582 
0.045735 
-0.082639 
-0.063323 
-0.030503 
-0.028842 
-0.038925 
-0.039036 
-0.014454 
-0.035830 
-0.140585 
-0.012436 
0.006799 
-0.015700 
-0.106559 
0.080574 
-0.039590 
0.133133 
0.074818 
0.053016 
-0.004950 
0.009759 
-0.023751 
-0.012284 
0.034876 
0.059144 
0.189533 
0.096519 
0.030843 
0.016774 
-0.049165 
-0.036872 
-0.042343 
0.028780 
0.033489 
0.189385 
0.045763 
0.039495 
-0.000064 
-0.033092 
-0.028944 
-0.104282 
0.024691 
-0.011748 
0.093847 
0.027823 
0.042407 
-0.004589 
-0.120496 
-0.063489 
-0.012666 
-0.014916 
-0.017695 
0.054410 
0.078257 
0.027476 
0.075399 
-0.033543 
-0.011907 
-0.041562 
-0.020149 
-0.087217 
-0.019081 
-0.011158 
0.032547 
0.108931 
0.045173 
-0.000616 
-0.071435 
-0.060101 
-0.063315 
-0.059014 
-0.012775 
0.074811 
0.041737 
-0.007573 
0.051076 
0.046756 
-0.053633 
-0.030583 
0.032064 
0.030294 
0.060995 
0.068079 
0.017221 
0.012177 
0.043009 
-0.069307 
-0.064494 
-0.072971 
-0.022571 
0.076106 
0.043680 
0.021588 
-0.037859 
-0.089435 
-0.032024 
-0.048298 
-0.033811 
-0.039988 
0.032885 
0.148492 
0.018568 
0.024748 
0.010337 
0.075171 
0.060941 
0.082235 
0.042489 
0.101567 
-0.013594 
-0.002223 
-0.077253 
0.013210 
-0.045510 
-0.065560 
-0.056688 
0.023266 
0.001530 
0.026346 
-0.019929 
0.005807 
0.115360 
0.092830 
0.018980 
0.027542 
0.060328 
0.009880 
0.107522 
0.028901 
0.053950 
0.047702 
0.023822 
0.017555 
0.052225 
0.043993 
0.101418 
0.056611 
0.046255 
0.062905 
0.079421 
0.095115 
0.067560 
0.066027 
0.130556 
0.090521 
-0.027078 
-0.038140 
0.005338 
0.065859 
0.015280 
-0.048570 
0.017073 
0.014910 
-0.027845 
0.021965 
-0.002598 
-0.016434 
0.089610 
0.026844 
-0.026628 
0.028329 
0.074282 
0.039128 
0.046496 
0.057124 
0.047951 
0.150961 
0.140966 
0.068996 
0.078994 
0.189770 
0.114719 
-0.020144 
0.026941 
-0.057649 
0.137513 
0.086689 
0.001466 
-0.025086 
0.050647 
-0.047627 
0.070123 
0.058107 
0.007369 
0.118861 
0.092084 
-0.010723 
0.018105 
0.077975 
0.075632 
-0.036378 
-0.019881 
-0.102602 
0.048520 
0.028209 
-0.016450 
-0.054874 
0.058151 
-0.011472 
0.065090 
0.047394 
0.041779 
0.188708 
0.062246 
0.098789 
-0.005370 
0.027356 
0.017610 
0.023589 
0.029099 
-0.028946 
0.186709 
-0.057595 
-0.006843 
-0.103089 
-0.002221 
0.036035 
-0.001291 
0.019388 
-0.032667 
0.121688 
-0.055704 
0.043302 
-0.013708 
0.127400 
0.041150 
-0.019480 
-0.073995 
-0.144416 
0.013438 
-0.133597 
-0.095513 
-0.136663 
-0.027084 
-0.013434 
-0.025766 
-0.051354 
-0.046862 
0.019164 
-0.000778 
-0.017699 
-0.048822 
-0.080076 
-0.091455 
0.059505 
0.019117 
-0.024506 
-0.092995 
0.027055 
-0.081595 
0.096009 
-0.016047 
0.045839 
0.026681 
-0.036788 
-0.008134 
0.003346 
-0.012817 
-0.046354 
-0.056323 
-0.080875 
-0.033972 
0.162079 
-0.023224 
-0.063619 
-0.113943 
-0.002439 
-0.099485 
0.024539 
-0.016534 
0.071965 
0.001660 
-0.002004 
0.009151 
-0.086745 
0.015667 
-0.111203 
0.052447 
0.001083 
-0.017169 
-0.037524 
-0.094570 
-0.025848 
0.002088 
-0.040025 
-0.074884 
0.040259 
0.140332 
-0.015218 
0.066477 
-0.062999 
-0.056216 
-0.151255 
-0.030360 
-0.120998 
0.091084 
0.025479 
0.040669 
0.010623 
-0.093715 
-0.031861 
-0.049890 
-0.101999 
-0.084619 
0.092660 
0.165522 
0.009892 
-0.076515 
-0.051544 
-0.021640 
0.079274 
-0.039445 
-0.030077 
0.021168 
0.094251 
-0.028689 
-0.064739 
-0.049852 
-0.016252 
0.100626 
0.039609 
0.037233 
0.013591 
0.008552 
-0.009848 
-0.024148 
-0.029211 
-0.022235 
0.019421 
-0.051801 
-0.036947 
0.069896 
0.129651 
-0.060910 
-0.035997 
-0.021844 
-0.006898 
-0.027767 
-0.029851 
0.013749 
0.020773 
0.022459 
-0.055633 
-0.063334 
-0.094454 
-0.063180 
0.063734 
0.015080 
0.052381 
0.033768 
0.070587 
-0.005653 
0.036807 
0.034915 
0.070122 
0.138145 
0.103457 
0.082055 
0.086023 
0.094573 
0.030632 
-0.043307 
-0.078391 
-0.024148 
-0.029537 
-0.054825 
0.031663 
0.052849 
0.039328 
-0.023484 
0.043709 
-0.008687 
-0.038750 
0.029904 
0.040781 
0.090110 
0.053842 
0.083959 
0.018413 
0.032286 
0.046970 
0.102842 
0.185907 
0.084826 
0.077355 
0.072165 
0.108032 
0.036419 
0.020844 
0.045164 
0.064697 
0.122146 
0.055474 
0.105143 
0.057598 
0.102447 
0.035296 
0.005233 
0.017649 
-0.041598 
0.064705 
-0.030351 
0.111372 
0.016748 
0.043142 
-0.015147 
-0.069969 
-0.047557 
-0.063529 
0.038854 
-0.112918 
0.089836 
-0.002540 
0.027343 
-0.066216 
0.170922 
0.153442 
0.123243 
0.192357 
0.086964 
0.134555 
0.090399 
0.165868 
0.181456 
0.038574 
0.056277 
0.048590 
0.071000 
-0.017850 
-0.006673 
-0.012167 
0.082855 
0.029699 
0.013906 
0.093458 
0.110060 
0.073631 
-0.165009 
0.004797 
0.005235 
0.052032 
0.033255 
-0.023436 
-0.011192 
-0.011828 
-0.050801 
-0.259494 
-0.153766 
-0.112382 
-0.093835 
-0.039664 
0.127914 
0.160446 
0.120435 
0.169038 
-0.061529 
0.093225 
0.075472 
0.235972 
0.115691 
0.085746 
0.084905 
-0.038820 
0.140364 
-0.031142 
-0.023233 
-0.080809 
0.047681 
0.068664 
0.099193 
0.141617 
0.086752 
0.085032 
-0.178236 
-0.039565 
-0.044895 
0.017379 
0.087281 
0.008449 
0.057964 
-0.067873 
-0.014838 
-0.227234 
-0.150826 
-0.181353 
-0.111808 
-0.054099 
-4.515115