0.008251 
0.017075 
0.022326 
-0.008916 
0.010124 
0.007618 
-0.014722 
0.007312 
0.005901 
0.059208 
0.064139 
0.059373 
0.046839 
-0.001019 
-0.001274 
-0.006229 
-0.018987 
0.013171 
-0.033210 
0.006814 
0.001273 
0.038090 
0.066683 
0.006848 
-0.028895 
-0.045857 
-0.043074 
-0.017207 
0.002373 
0.012431 
0.047799 
0.042592 
0.016472 
0.013707 
-0.010646 
-0.006081 
0.038738 
0.030490 
-0.004632 
-0.008811 
-0.067423 
-0.025813 
-0.017542 
-0.032991 
-0.009225 
0.078839 
0.087840 
0.068736 
0.057018 
-0.007354 
0.043938 
0.008218 
-0.033465 
0.027629 
-0.030772 
-0.022370 
0.011507 
0.014799 
-0.053871 
-0.045882 
-0.036596 
-0.024564 
-0.020409 
0.016037 
-0.002461 
0.045244 
0.072894 
0.005775 
0.028172 
-0.001123 
-0.003833 
-0.009992 
0.052311 
-0.011181 
-0.014838 
-0.006369 
-0.044951 
-0.008648 
-0.042698 
-0.067770 
0.008718 
0.103624 
0.027534 
-0.016922 
-0.015012 
-0.041679 
-0.017843 
-0.039636 
-0.049097 
0.028902 
0.001833 
-0.041799 
-0.003951 
0.011948 
-0.033385 
-0.010485 
-0.047699 
-0.059203 
-0.009770 
0.060295 
0.000753 
0.000450 
0.028349 
0.014856 
0.008137 
-0.019433 
-0.035696 
0.052293 
0.088637 
0.019486 
-0.026786 
-0.033404 
-0.030016 
0.010981 
-0.023098 
-0.033763 
0.037516 
0.069934 
-0.002476 
-0.045638 
-0.055360 
-0.098314 
-0.029767 
-0.053247 
-0.049188 
0.014821 
0.073377 
0.028416 
-0.000239 
-0.002353 
-0.017600 
0.015783 
-0.013107 
-0.000597 
0.052134 
0.037839 
0.002553 
-0.035326 
-0.034557 
-0.051368 
-0.020040 
-0.061128 
-0.040576 
-0.035489 
0.068394 
0.024091 
-0.002917 
-0.004158 
-0.030099 
-0.021959 
-0.034864 
-0.008203 
0.063191 
-0.033332 
0.000096 
-0.007425 
0.024764 
-0.001771 
-0.014617 
-0.042403 
-0.014107 
-0.010475 
0.046314 
0.038242 
-0.013584 
-0.005533 
-0.024724 
-0.025252 
-0.044312 
0.007782 
-0.016325 
-0.046792 
0.000166 
-0.017852 
0.022064 
-0.024002 
-0.023766 
-0.027758 
0.004654 
-0.039825 
-0.016250 
0.009809 
0.022718 
0.050501 
0.015864 
0.033544 
0.052546 
0.048890 
0.008743 
-0.034189 
-0.016282 
-0.002151 
0.007808 
-0.022172 
-0.028043 
0.003105 
-0.011168 
-0.037957 
-0.037865 
0.029006 
0.046836 
0.072441 
0.024252 
0.043072 
0.038608 
0.032868 
-0.008733 
-0.067507 
-0.031254 
-0.005218 
0.017214 
-0.003445 
0.032482 
0.044751 
0.008547 
-0.061962 
0.003705 
0.004912 
-0.016199 
-0.001309 
0.030543 
-0.004670 
0.012993 
0.012870 
0.011577 
0.020673 
0.019737 
-0.011929 
-0.009917 
0.028340 
0.031685 
0.027218 
0.021202 
0.021873 
-0.028755 
-0.013927 
-0.006399 
0.016370 
0.030118 
0.024049 
0.016530 
0.017766 
-0.039166 
-0.034368 
-0.019924 
-0.014049 
0.001495 
0.024956 
0.042965 
0.026584 
-0.010710 
-0.029766 
-0.033344 
0.025052 
0.025796 
0.071843 
0.083642 
0.079135 
0.023339 
-0.021429 
-0.049734 
-0.056444 
-0.013009 
0.000346 
0.042660 
0.059804 
0.068818 
0.036495 
0.035478 
0.002708 
-0.028006 
-0.004671 
0.006546 
0.034936 
0.054156 
0.057322 
0.018663 
-0.005162 
-0.041144 
-0.069209 
-0.057145 
-0.050833 
-0.015377 
0.003605 
0.030470 
0.056368 
0.047070 
-0.031298 
-0.047477 
-0.060295 
-0.006827 
0.021731 
-0.007490 
0.016484 
0.015401 
0.065495 
0.026130 
0.020090 
-0.035891 
0.022540 
0.071686 
0.032641 
0.053487 
0.056175 
0.060739 
0.020129 
-0.098830 
-0.090385 
-0.056236 
-0.026268 
-0.038190 
-0.014946 
-0.005804 
0.011341 
-0.034998 
-0.036308 
-0.076372 
-0.032639 
0.011047 
-0.008227 
0.049428 
0.035148 
0.030689 
-0.019518 
0.028799 
-0.049456 
-0.041023 
-0.005223 
-0.030086 
0.011807 
0.009127 
0.018043 
0.028464 
0.066415 
0.040032 
-0.001164 
0.000353 
-0.032663 
0.015540 
0.001287 
0.008431 
0.073115 
-0.032699 
-0.064491 
-0.060953 
-0.028399 
-0.061995 
-0.013449 
-0.015593 
-0.023517 
-0.046654 
-0.014027 
-0.017486 
-0.047013 
-0.042091 
-0.068997 
-0.022022 
-0.023337 
-0.006029 
-0.040628 
0.092877 
0.079268 
0.026054 
0.017587 
-0.012991 
0.016769 
-0.025831 
0.020090 
0.062022 
0.047001 
0.038484 
-0.000998 
-0.006465 
-0.047372 
-0.020927 
-0.055099 
-0.018800 
-0.010914 
-0.029258 
-0.004777 
-0.007542 
-0.042794 
-0.081116 
-0.035715 
-0.054164 
-0.015045 
-0.019703 
-0.023167 
-0.062169 
-0.055335 
-0.053551 
-0.093739 
-0.055863 
-0.092643 
-0.056662 
-0.027397 
0.035611 
0.045424 
0.018109 
0.008688 
-0.032071 
-0.018462 
-0.048749 
-0.024642 
0.006059 
-0.009138 
0.058972 
0.034893 
0.011075 
-0.003157 
0.000097 
-0.033245 
-0.004794 
-0.018590 
-0.002769 
-0.006589 
-0.013714 
-0.009566 
-0.032399 
-0.034847 
-0.067907 
-0.045138 
-0.006068 
-0.013043 
0.016653 
-0.017848 
-0.029503 
-0.008378 
-0.002139 
-0.061166 
-0.047988 
-0.039942 
-0.000271 
0.064148 
0.062739 
0.039069 
0.029859 
0.046940 
0.018814 
0.030013 
0.002049 
-0.048591 
0.010973 
0.058019 
0.037180 
0.016568 
0.017979 
0.032136 
0.018858 
-0.036933 
0.016417 
0.055087 
0.044799 
-0.023028 
0.014335 
0.020318 
-0.020702 
-0.016958 
-0.042862 
-0.057167 
0.012164 
0.049079 
0.015951 
0.037372 
-0.002468 
-0.013625 
-0.036764 
-0.076721 
-0.026079 
0.004373 
0.023949 
0.059995 
0.071494 
0.039627 
0.045879 
0.023741 
-0.032715 
-0.041601 
-0.026254 
-0.014431 
0.015084 
0.041476 
0.037008 
0.020839 
-0.008608 
-0.047613 
-0.036001 
0.001585 
0.027573 
0.066630 
0.062761 
-0.001027 
-0.005727 
-0.033379 
-0.062944 
-0.034567 
-0.023178 
-0.025493 
0.037939 
0.058301 
0.002144 
-0.032268 
-0.033011 
-0.053122 
-0.032806 
-0.032193 
-0.007113 
-0.005334 
0.058839 
0.114748 
0.050001 
0.032164 
-0.015445 
-0.054229 
-0.052074 
-0.042040 
-0.009473 
-0.015390 
0.029745 
0.056341 
0.043509 
-0.005649 
-0.010191 
-0.045826 
-0.021648 
-0.012205 
0.076518 
0.095690 
0.026043 
0.020656 
0.038821 
-0.032794 
-0.047804 
-0.040250 
-0.031775 
-0.007581 
0.039814 
0.012445 
0.006828 
0.002567 
-0.016901 
-0.050543 
-0.031835 
-0.011057 
-0.019984 
0.030156 
0.073770 
0.061645 
0.025551 
-0.015664 
-0.019812 
-0.027311 
0.003219 
0.002345 
0.065976 
0.073019 
0.066491 
0.018181 
-0.032190 
-0.033688 
-0.034174 
-0.019919 
-0.044347 
0.013920 
0.003596 
0.005184 
-0.010707 
-0.027649 
-0.029274 
-0.034279 
-0.004767 
-0.032150 
0.051558 
0.030907 
-0.001335 
-0.036279 
0.005555 
0.023420 
-0.033166 
-0.032380 
-0.035160 
0.042740 
0.055901 
0.034089 
0.017989 
0.042060 
0.040319 
0.004750 
-0.047699 
-0.060313 
0.026502 
0.028895 
0.042921 
0.046054 
-0.048608 
-0.041353 
-0.053940 
-0.030903 
-0.067035 
0.007794 
-0.003459 
-0.019903 
-0.067851 
-0.042188 
-0.029520 
-0.044462 
-0.038252 
-0.086749 
-0.015383 
-0.008920 
0.028088 
-0.027279 
0.043126 
0.032465 
0.038811 
-0.013769 
-0.068152 
-0.002627 
-0.018651 
0.020046 
0.036648 
0.053656 
0.047248 
0.034864 
0.024950 
-0.047302 
-0.011610 
-0.058285 
-0.028738 
0.033115 
-0.005178 
0.010794 
-0.022575 
-0.039609 
-0.077175 
-0.022577 
-0.058909 
-0.007724 
0.018431 
0.030622 
-0.007179 
-0.017220 
-0.037441 
-0.056546 
-0.021156 
-0.067387 
-0.051350 
0.014473 
0.037427 
0.029124 
0.021481 
0.016003 
-0.004437 
-0.035082 
-0.058825 
-0.049876 
0.020731 
0.017744 
0.061926 
0.041294 
0.005780 
0.028707 
-0.017700 
-0.071328 
-0.062937 
-0.026386 
0.037005 
-0.007907 
-0.007071 
-0.034554 
-0.017780 
-0.041102 
-0.069491 
-0.056200 
-0.002224 
0.006056 
0.020159 
-0.018301 
-0.030239 
0.000481 
-0.001168 
-0.078784 
-0.047629 
-0.035780 
0.027283 
0.079713 
0.057526 
0.005939 
0.009708 
-0.010415 
-0.046684 
-0.049400 
-0.023755 
-0.011805 
0.055391 
0.047197 
0.039121 
0.021752 
0.013016 
-0.028150 
-0.043536 
-0.060977 
0.011572 
0.044073 
-0.009504 
-0.024792 
-0.021041 
-0.009344 
-0.032227 
-0.020963 
-0.027065 
-0.009581 
0.027666 
0.002626 
-0.020038 
-0.009011 
0.034506 
-0.017504 
-0.007588 
-0.037612 
-0.018184 
0.009445 
0.007048 
0.037787 
0.034877 
-0.000890 
-0.030153 
-0.033347 
-0.035049 
-0.009249 
0.006543 
0.005113 
0.050601 
0.042641 
-0.025954 
-0.042056 
-0.024842 
-0.026818 
-0.002947 
0.024165 
0.013257 
-0.001009 
0.010661 
0.026343 
-0.007653 
-0.001719 
-0.013019 
0.005866 
0.017847 
0.015564 
0.018290 
0.053842 
0.000515 
-0.015788 
-0.016697 
-0.011584 
-0.021685 
-0.003501 
0.003654 
0.020235 
0.067077 
0.124011 
0.015118 
-0.000834 
-0.006742 
-0.033930 
-0.023527 
-0.027531 
-0.028465 
0.006925 
0.060441 
0.003867 
-0.019167 
-0.021415 
0.001211 
0.025244 
0.047789 
0.058371 
0.084808 
0.058077 
-0.011940 
-0.025079 
-0.032487 
-0.023984 
-0.004772 
0.021921 
0.040360 
0.000082 
0.032976 
-0.020248 
-0.048424 
-0.050616 
-0.033185 
-0.024074 
-0.034126 
-0.029399 
-0.018464 
0.034386 
0.004961 
0.000614 
-0.034073 
-0.020046 
-0.003924 
-0.000002 
0.014719 
-0.004894 
0.049546 
0.028735 
-0.007417 
-0.037649 
-0.004662 
0.028166 
0.052483 
0.030269 
0.013927 
0.017263 
-0.006980 
-0.011142 
-0.029925 
0.004436 
0.039763 
0.058381 
0.048877 
0.003975 
0.052185 
0.006024 
-0.000373 
-0.021762 
-0.049764 
-0.026388 
-0.030654 
-0.010804 
-0.033904 
0.031956 
0.011301 
0.001218 
-0.050539 
-0.000565 
-0.002891 
-0.019076 
-0.011869 
-0.056772 
0.019716 
0.005996 
0.009213 
0.014155 
0.021414 
0.049283 
0.023576 
0.001989 
-0.024622 
0.008418 
-0.028657 
-0.006343 
-0.015107 
0.050590 
0.050565 
0.002034 
0.003116 
-0.041471 
0.020012 
0.000614 
0.032771 
0.027443 
0.036803 
0.011984 
-0.011307 
-0.015706 
-0.053953 
-0.018538 
-0.031266 
0.006339 
0.040593 
0.081013 
0.020534 
0.004028 
-0.041825 
-0.061484 
-0.024857 
-0.055132 
-0.029482 
0.027680 
0.052464 
0.027229 
-0.024861 
-0.003624 
-0.053119 
0.011960 
0.009938 
0.018188 
0.041170 
0.056524 
0.029677 
-0.035222 
-0.034398 
-0.066854 
-0.007387 
-0.019229 
-0.009013 
0.067637 
0.050376 
0.016162 
-0.002494 
-0.047059 
-0.026972 
-0.036630 
-0.045056 
-0.054324 
0.015496 
0.002499 
0.037019 
-0.004539 
-0.023473 
0.015011 
-0.021698 
-0.059453 
-0.057889 
-0.001785 
0.025499 
-0.006205 
-0.056533 
-0.059234 
-0.044987 
-0.038103 
-0.036935 
-0.046347 
0.022586 
0.006466 
-0.025652 
-0.044610 
-0.002086 
0.011125 
-0.021388 
-0.036655 
-0.042093 
-0.006973 
0.006546 
0.024619 
-0.020069 
-0.040351 
-0.012403 
-0.021861 
-0.026529 
-0.023251 
-0.010556 
0.006416 
0.027596 
0.002379 
-0.026190 
0.012111 
0.026294 
-0.006534 
-0.015447 
-0.027498 
0.014978 
-0.032426 
-0.046436 
-0.015085 
0.002931 
-0.016146 
0.013583 
-0.013679 
-0.007018 
-0.004557 
-0.047254 
-0.048268 
-0.019684 
0.013476 
0.020686 
0.053177 
0.013855 
-0.010472 
0.002188 
0.015433 
-0.004042 
-0.014611 
-0.003004 
0.009585 
0.009779 
0.011163 
0.005833 
-0.018226 
-0.012988 
-0.014150 
0.053825 
0.068070 
-0.001184 
0.004621 
-0.009575 
-0.019806 
-0.004174 
-0.028052 
-0.046372 
-0.013356 
0.002303 
0.006433 
0.043298 
0.026382 
0.002120 
-0.028422 
-0.025186 
-0.016844 
0.073676 
0.064168 
0.002426 
0.009951 
0.007914 
-0.023825 
0.004416 
0.023151 
0.043459 
0.048554 
0.074373 
0.024337 
-0.015628 
-0.029203 
-0.023869 
-0.028079 
-0.000843 
0.026665 
0.029520 
0.002895 
-0.005927 
-0.024147 
-0.040980 
-0.039219 
-0.008229 
0.038499 
0.064935 
0.028449 
0.070416 
0.053764 
0.010555 
-0.003598 
-0.018528 
0.004885 
0.073405 
0.079937 
0.049648 
0.014942 
0.015451 
-0.032762 
-0.034578 
-0.029143 
-0.052308 
-0.039658 
-0.017193 
-0.020884 
-0.040188 
-0.030485 
-0.054557 
-0.051524 
-0.073418 
-0.017225 
-0.013620 
0.000458 
0.049045 
-0.006748 
0.012153 
-0.036913 
-0.041362 
-0.047119 
0.030468 
0.088343 
0.064724 
0.043056 
-0.015833 
-0.009151 
-0.062913 
-0.071617 
-0.060984 
0.028873 
0.052586 
0.052973 
0.087902 
0.030691 
0.039352 
-0.035341 
-0.038847 
0.025329 
-0.021680 
-0.031328 
-0.034500 
-0.012000 
-0.049086 
-0.024154 
-0.060318 
-0.049262 
-0.043143 
0.003302 
-0.020694 
-0.021053 
-0.005446 
-0.064853 
-0.025950 
-0.044378 
-0.030993 
-0.014034 
0.034261 
0.029197 
0.011001 
0.037292 
-0.009863 
-0.007601 
-0.071591 
-0.030565 
0.068189 
0.093103 
0.009774 
-0.002701 
0.023085 
-0.045165 
-0.027012 
-0.027351 
0.063648 
0.065479 
0.001793 
-0.017901 
-0.040514 
-0.017498 
-0.059651 
-0.015064 
-0.017425 
0.003257 
-0.012171 
-0.013376 
-0.027047 
-0.066736 
-0.061937 
-0.090462 
-0.037219 
-0.058236 
-0.042214 
-0.031848 
0.075262 
0.027838 
-0.031684 
-0.016485 
-0.034451 
0.011738 
0.028658 
0.079858 
0.077276 
0.009793 
0.000033 
-0.056764 
-0.048535 
-0.087604 
0.016607 
0.014159 
0.061762 
0.052701 
0.002099 
-0.023376 
-0.046083 
-0.053317 
-0.052931 
-0.024788 
-0.031888 
-0.029738 
0.002593 
-0.001962 
-0.034558 
-0.031691 
-0.008798 
-0.009296 
-0.012386 
-0.036770 
-0.042724 
-0.007981 
0.045167 
-0.007568 
-0.019968 
-0.033426 
-0.050038 
0.008963 
0.022743 
0.065591 
0.042801 
-0.000514 
-0.006056 
-0.012133 
0.019228 
0.008667 
0.020161 
-0.001476 
0.027213 
0.024880 
0.014956 
-0.021569 
-0.024439 
0.006152 
0.011081 
-0.011229 
0.012789 
-0.017862 
0.011046 
0.001661 
-0.045944 
-0.036360 
-0.004382 
0.020484 
0.002392 
0.046474 
-0.002354 
0.006846 
0.012536 
-0.002232 
-0.008880 
0.016451 
0.004215 
0.011286 
0.021354 
0.025934 
-0.013362 
-0.012008 
-0.005436 
-0.001765 
0.019132 
0.020762 
0.012939 
0.038870 
0.014611 
-0.022719 
-0.013038 
-0.028212 
-0.031044 
-0.000691 
0.022547 
0.003013 
0.030259 
0.004577 
-0.017495 
-0.034952 
-0.021623 
0.008223 
0.081003 
0.052271 
-0.023638 
-0.021424 
-0.027501 
-0.051298 
0.001120 
-0.003700 
0.005570 
0.040280 
0.049745 
0.015395 
0.028083 
-0.000693 
-0.029719 
-0.038714 
-0.017576 
0.033436 
0.069106 
0.069111 
-0.006146 
-0.002868 
-0.020651 
-0.049400 
-0.052032 
0.014566 
0.032058 
-0.018369 
-0.004455 
0.014208 
-0.025353 
-0.018928 
-0.041669 
-0.037805 
0.065646 
0.076172 
0.073447 
0.013563 
0.017143 
-0.012173 
-0.043557 
-0.075695 
-0.080531 
0.039519 
0.053129 
0.017721 
0.035624 
0.017363 
-0.024123 
-0.036890 
-0.067995 
0.001145 
0.098225 
0.098359 
0.111942 
0.048353 
0.060136 
0.040667 
-0.009268 
-0.023136 
-0.046822 
0.006946 
-0.005695 
0.008469 
-0.027180 
-0.007135 
-0.048720 
-0.071852 
-0.107084 
0.023662 
-0.011851 
-0.006797 
0.045671 
-0.029073 
0.014437 
-0.047224 
-0.038512 
-0.019654 
-0.023453 
0.064270 
0.024740 
0.031629 
-0.017431 
-0.000815 
-0.016245 
-0.016630 
-0.028794 
0.025423 
0.008527 
0.014341 
0.051602 
-0.042174 
0.019667 
-0.046529 
-0.000425 
0.016344 
0.009951 
-0.066644 
-0.044129 
-0.015987 
-0.070734 
-0.017939 
-0.063743 
-0.040874 
0.019788 
0.017377 
-0.033330 
-0.034402 
-0.008322 
-0.071576 
-0.030526 
-0.056807 
-0.006310 
0.031029 
0.033966 
-0.025098 
-0.005672 
-0.005033 
-0.081922 
-0.032991 
-0.087807 
-0.058427 
0.055740 
0.070037 
-0.024618 
-0.024978 
-0.026439 
-0.079964 
-0.027768 
-0.048820 
0.034110 
0.071144 
-0.004608 
-0.028892 
-0.044600 
-0.017670 
-0.050854 
0.004228 
-0.010625 
0.025386 
0.039598 
-0.039014 
-0.038159 
-0.057360 
-0.045472 
-0.092745 
-0.021145 
-0.040961 
-0.040831 
-0.028060 
0.071792 
-0.032097 
-0.035625 
-0.002689 
-0.044193 
0.022341 
-0.010630 
0.052206 
0.081628 
-0.011545 
-0.032157 
-0.053500 
-0.034190 
-0.072131 
0.000967 
-0.023605 
0.018526 
0.013062 
-0.004912 
0.002107 
-0.013247 
-0.023161 
-0.075695 
-0.010330 
-0.011514 
0.003133 
-0.002186 
-0.057554 
-0.020792 
-0.014906 
-0.006852 
-0.044540 
-0.028175 
-0.036733 
-0.030975 
-0.048199 
0.030097 
0.023679 
-0.014763 
-0.012479 
-0.047086 
0.015389 
0.045077 
0.066974 
0.018520 
-0.040242 
0.002523 
-0.017442 
-0.006563 
-0.012708 
-0.013147 
0.027099 
0.034051 
-0.051659 
-0.016895 
-0.000248 
0.012740 
0.026996 
-0.008812 
0.003826 
0.010284 
0.013491 
-0.022146 
-0.034377 
-0.009932 
0.007131 
-0.002328 
-0.005694 
0.009892 
0.001085 
-0.016863 
-0.052749 
-0.038727 
-0.000465 
0.009178 
0.023948 
0.036051 
0.049609 
0.064298 
0.031648 
-0.029161 
-0.064622 
-0.024863 
-0.010857 
-0.013510 
0.026551 
0.063243 
0.053183 
0.016053 
-0.060857 
-0.001469 
0.003510 
0.003185 
0.041795 
0.034763 
0.039707 
0.007892 
-0.007334 
-0.033588 
-0.027282 
-0.017623 
0.012843 
0.033666 
0.032083 
-0.010571 
-0.008917 
0.002555 
-0.034457 
-0.029854 
0.004126 
0.013881 
0.006450 
0.024293 
0.031100 
0.028087 
0.008558 
-0.044856 
-0.007728 
0.007263 
0.004100 
0.011610 
0.020678 
-0.014002 
0.008571 
0.016453 
-0.008930 
-0.055427 
0.001202 
0.008943 
-0.021923 
0.020777 
0.029672 
-0.002344 
-0.035803 
-0.055391 
-0.010521 
0.046377 
0.039136 
0.072607 
0.033637 
0.106724 
0.104425 
0.054538 
0.022826 
-0.031214 
-0.002025 
-0.012361 
-0.038749 
-0.001425 
0.022850 
0.021359 
0.000053 
-0.033197 
-0.029679 
0.002596 
0.016484 
0.040749 
0.025903 
0.084975 
0.105952 
0.095802 
0.019082 
-0.039885 
-0.016559 
-0.016319 
0.008237 
-0.030319 
0.003969 
0.028376 
0.031554 
0.001260 
0.011464 
-0.042826 
0.014111 
0.053896 
-0.009801 
0.033510 
-0.002916 
0.027468 
0.033905 
-0.062349 
-0.048381 
-0.028481 
0.008250 
-0.022187 
-0.018820 
-0.006535 
0.028557 
-0.001889 
-0.043540 
-0.050838 
-0.006188 
0.050599 
0.012748 
0.038257 
0.008552 
0.053057 
0.008815 
0.033458 
-0.052262 
-0.004245 
-0.009837 
-0.049410 
-0.009914 
-0.053281 
-0.018275 
0.074052 
0.080490 
-0.021596 
-0.026831 
-0.018655 
-0.055843 
-0.024343 
-0.033212 
0.009877 
0.093855 
-0.017579 
-0.048194 
-0.029396 
-0.008868 
-0.037657 
0.003822 
-0.032909 
-0.003173 
0.017311 
0.049003 
0.002504 
-0.051393 
-0.050209 
-0.073115 
-0.027484 
-0.042231 
-0.006242 
0.046006 
0.082477 
-0.015014 
0.017413 
-0.005535 
-0.039223 
0.003720 
-0.034180 
0.005792 
0.052429 
0.017246 
0.026982 
0.016493 
-0.019280 
-0.050788 
-0.007871 
-0.048985 
-0.035244 
0.004119 
0.058652 
0.034581 
-0.004263 
-0.023765 
-0.062510 
-0.031355 
-0.051341 
-0.031183 
0.016643 
0.010243 
0.022898 
0.012959 
-0.009925 
-0.049801 
-0.021872 
-0.065067 
-0.055844 
-0.023999 
0.035084 
0.055405 
0.019047 
-0.008697 
-0.032790 
0.007630 
0.000643 
0.015086 
0.009801 
-0.000908 
0.051712 
0.011119 
-0.003866 
-0.029041 
-0.029575 
-0.029196 
-0.027477 
-0.065434 
0.033072 
0.076439 
0.031761 
0.015535 
-0.013947 
0.013792 
-0.028021 
-0.022152 
-0.019183 
0.020072 
0.071137 
0.030958 
0.005792 
-0.023309 
-0.019812 
-0.041834 
-0.047044 
-0.081769 
-0.002320 
0.039667 
0.037723 
0.020622 
0.022950 
0.027349 
0.034112 
0.006344 
-0.069606 
-0.047654 
-0.003099 
0.021172 
-0.009690 
-0.027239 
0.000845 
0.004283 
-0.028411 
-0.079367 
0.017327 
0.069351 
0.065360 
0.045233 
0.019859 
0.020305 
0.028719 
0.004932 
-0.028485 
-0.064106 
0.006791 
0.010951 
-0.012545 
-0.016297 
-0.009526 
-0.001963 
-0.037957 
-0.057200 
-0.009135 
0.004261 
0.021948 
0.019722 
0.009488 
0.026999 
0.015151 
-0.005132 
-0.019404 
0.012176 
0.009275 
0.002076 
0.031298 
0.008825 
-0.002327 
0.008329 
-0.006843 
-0.002411 
-0.013238 
0.010790 
0.014977 
0.009060 
-0.011215 
0.009448 
-0.022064 
-0.040210 
-0.015491 
0.006424 
0.003445 
0.019172 
0.032493 
0.013735 
0.002392 
-0.026627 
-0.043301 
-0.010275 
-0.999999